[gd_scene load_steps=16 format=2]

[ext_resource path="res://models/legless_man1.glb" type="PackedScene" id=1]
[ext_resource path="res://models/legless_man1.gd" type="Script" id=2]

[sub_resource type="CapsuleShape" id=1]
radius = 0.0659835
height = 0.195807

[sub_resource type="CapsuleShape" id=2]
radius = 0.066714
height = 0.017711

[sub_resource type="CapsuleShape" id=3]
radius = 0.101541
height = 0.0912791

[sub_resource type="CapsuleShape" id=4]
radius = 0.0989378
height = 0.120072

[sub_resource type="CapsuleShape" id=5]
radius = 0.0848468
height = 0.176555

[sub_resource type="CapsuleShape" id=6]
radius = 0.0253289
height = 0.0518955

[sub_resource type="CapsuleShape" id=7]
radius = 0.0845197
height = 0.027035

[sub_resource type="CapsuleShape" id=8]
radius = 0.0290693
height = 0.137795

[sub_resource type="CapsuleShape" id=9]
radius = 0.0440916
height = 0.206309

[sub_resource type="CapsuleShape" id=10]
radius = 0.0433064
height = 0.174935

[sub_resource type="CapsuleShape" id=11]
radius = 0.0298982
height = 0.0518742

[sub_resource type="CapsuleShape" id=12]
radius = 0.0331763
height = 0.137795

[sub_resource type="BoxShape" id=13]
extents = Vector3( 0.294902, 0.168462, 0.210336 )

[node name="legless_man1" instance=ExtResource( 1 )]
script = ExtResource( 2 )

[node name="Physical Bone hips" type="PhysicalBone" parent="Armature/Skeleton" index="1"]
transform = Transform( -4.37114e-08, -1, 0, 1, -4.37114e-08, 0, 0, 0, 1, 0, -0.0247097, -0.00184661 )
collision_layer = 2
joint_type = 2
joint_offset = Transform( 1, 0, 0, 0, 1, 0, 0, 0, 1, -0.0431278, 1.88518e-09, 0.00184661 )
body_offset = Transform( -4.37114e-08, -1, 0, 1, -4.37114e-08, 0, 0, 0, 1, 0, 0.0431278, -0.00184661 )
bone_name = "hips"
joint_constraints/swing_span = 5.0
joint_constraints/twist_span = 5.0
joint_constraints/bias = 0.3
joint_constraints/softness = 0.8
joint_constraints/relaxation = 1.0

[node name="CollisionShape" type="CollisionShape" parent="Armature/Skeleton/Physical Bone hips" index="0"]
transform = Transform( 1, 0, 0, 0, 0, 1, 0, -1, 0, 0.0170836, 2.13238e-17, 0 )
shape = SubResource( 1 )

[node name="Physical Bone legstumpR" type="PhysicalBone" parent="Armature/Skeleton" index="2"]
transform = Transform( -0.992083, 0.0436121, 0.117973, 0.119519, 0.0347162, 0.992225, 0.0391765, 0.998445, -0.0396529, 0.102431, -0.0814458, 0.00188258 )
collision_layer = 2
joint_type = 2
joint_offset = Transform( 1, 0, 0, 0, 1, 0, 0, 0, 1, 0.00309614, 0.000926992, 0.0738769 )
body_offset = Transform( 0.998012, -0.0410584, -0.0478137, -0.0493674, -0.0377011, -0.998069, 0.0391764, 0.998445, -0.0396531, 0.000480404, 0.073922, 0.0018826 )
bone_name = "legstump.R"
joint_constraints/swing_span = 33.39
joint_constraints/twist_span = 5.0
joint_constraints/bias = 0.3
joint_constraints/softness = 0.8
joint_constraints/relaxation = 1.0
__meta__ = {
"_editor_description_": ""
}

[node name="CollisionShape" type="CollisionShape" parent="Armature/Skeleton/Physical Bone legstumpR" index="0"]
transform = Transform( 0.993185, 2.79418e-08, 0.116549, -0.00086656, 0.999972, 0.0073844, -0.116546, -0.00743509, 0.993157, 0.000614528, -0.00565828, 0.0112994 )
shape = SubResource( 2 )

[node name="Physical Bone spine1" type="PhysicalBone" parent="Armature/Skeleton" index="3"]
transform = Transform( 1, 0, 0, 0, 1, 0, 0, 0, 1, 0, 0.0353263, -0.00162363 )
collision_layer = 2
joint_type = 2
joint_offset = Transform( 1, 0, 0, 0, 1, 0, 0, 0, 1, 0, -0.0354357, 0.00162363 )
body_offset = Transform( 1, 0, 0, 0, 1, 0, 0, 0, 1, 0, 0.0354357, -0.00162363 )
bone_name = "spine1"
joint_constraints/swing_span = 17.9
joint_constraints/twist_span = 10.0
joint_constraints/bias = 0.3
joint_constraints/softness = 0.8
joint_constraints/relaxation = 1.0

[node name="CollisionShape" type="CollisionShape" parent="Armature/Skeleton/Physical Bone spine1" index="0"]
transform = Transform( 0.00059338, 4.36854e-08, -1, 1, -4.37114e-08, 0.00059338, -4.36854e-08, -1, -4.37114e-08, 1.59098e-05, 0.0268122, -1.28057e-09 )
shape = SubResource( 3 )

[node name="Physical Bone spine2" type="PhysicalBone" parent="Armature/Skeleton" index="4"]
transform = Transform( 1, 0, 0, 0, 1, 0, 0, 0, 1, 0, 0.19882, -0.00153265 )
collision_layer = 2
joint_type = 2
joint_offset = Transform( 1, 0, 0, 0, 1, 0, 0, 0, 1, 0, -0.0320923, 0.00153265 )
body_offset = Transform( 1, 0, 0, 0, 1, 0, 0, 0, 1, 0, 0.0320923, -0.00153265 )
bone_name = "spine2"
joint_constraints/swing_span = 20.0
joint_constraints/twist_span = 10.0
joint_constraints/bias = 0.3
joint_constraints/softness = 0.8
joint_constraints/relaxation = 1.0

[node name="CollisionShape" type="CollisionShape" parent="Armature/Skeleton/Physical Bone spine2" index="0"]
transform = Transform( -4.37114e-08, 4.37114e-08, -1, 1, -4.37114e-08, -4.37114e-08, -4.37114e-08, -1, -4.37114e-08, -1.63292e-09, 0.0373569, -1.62981e-09 )
shape = SubResource( 4 )

[node name="Physical Bone spine3" type="PhysicalBone" parent="Armature/Skeleton" index="5"]
transform = Transform( 1, 0, 0, 0, 1, 0, 0, 0, 1, 0, 0.368526, -0.00238506 )
collision_layer = 2
joint_type = 2
joint_offset = Transform( 1, 0, 0, 0, 1, 0, 0, 0, 1, 0, -0.0336888, 0.00238506 )
body_offset = Transform( 1, 0, 0, 0, 1, 0, 0, 0, 1, 0, 0.0336888, -0.00238506 )
bone_name = "spine3"
joint_constraints/swing_span = 20.0
joint_constraints/twist_span = 10.0
joint_constraints/bias = 0.3
joint_constraints/softness = 0.8
joint_constraints/relaxation = 1.0

[node name="CollisionShape" type="CollisionShape" parent="Armature/Skeleton/Physical Bone spine3" index="0"]
transform = Transform( -4.37114e-08, 4.37114e-08, -1, 1, -4.37114e-08, -4.37114e-08, -4.37114e-08, -1, -4.37114e-08, -1.43144e-09, 0.0327475, -1.39698e-09 )
shape = SubResource( 5 )

[node name="Physical Bone neck" type="PhysicalBone" parent="Armature/Skeleton" index="6"]
transform = Transform( 1, 0, 0, 0, 1, 0, 0, 0, 1, 0, 0.490135, -0.00055258 )
collision_layer = 2
joint_type = 2
joint_offset = Transform( 1, 0, 0, 0, 1, 0, 0, 0, 1, 0, -0.0344626, 0.00055258 )
body_offset = Transform( 1, 0, 0, 0, 1, 0, 0, 0, 1, 0, 0.0344626, -0.00055258 )
bone_name = "neck"
joint_constraints/swing_span = 20.0
joint_constraints/twist_span = 70.0
joint_constraints/bias = 0.3
joint_constraints/softness = 0.8
joint_constraints/relaxation = 1.0

[node name="CollisionShape" type="CollisionShape" parent="Armature/Skeleton/Physical Bone neck" index="0"]
transform = Transform( 1, 0, 0, 0, 0, 1, 0, -1, 0, 0, 0, 0 )
shape = SubResource( 6 )

[node name="Physical Bone head" type="PhysicalBone" parent="Armature/Skeleton" index="7"]
transform = Transform( 1, 0, 0, 0, 1, 0, 0, 0, 1, 0, 0.567062, -1.78404e-05 )
collision_layer = 2
joint_type = 2
joint_offset = Transform( 1, 0, 0, 0, 1, 0, 0, 0, 1, 0, -0.04652, 1.78404e-05 )
body_offset = Transform( 1, 0, 0, 0, 1, 0, 0, 0, 1, 0, 0.04652, -1.78404e-05 )
bone_name = "head"
joint_constraints/swing_span = 30.0
joint_constraints/twist_span = 30.0
joint_constraints/bias = 0.3
joint_constraints/softness = 0.5
joint_constraints/relaxation = 1.0

[node name="CollisionShape" type="CollisionShape" parent="Armature/Skeleton/Physical Bone head" index="0"]
transform = Transform( 1, 0, 0, 0, 0, 1, 0, -1, 0, 0, 0.0430282, -0.00736434 )
shape = SubResource( 7 )

[node name="Physical Bone clavR" type="PhysicalBone" parent="Armature/Skeleton" index="8"]
transform = Transform( -0.246154, 0.969231, 2.67508e-08, -0.969231, -0.246154, -2.90273e-08, -2.15494e-08, -3.30729e-08, 1, 0.085293, 0.433087, 0.000173658 )
collision_layer = 2
joint_type = 2
joint_offset = Transform( 1, 0, 0, 0, 1, 0, 0, 0, 1, -0.000895176, -0.0882281, -0.000173661 )
body_offset = Transform( 1, 2.29251e-10, 9.70522e-17, -2.2925e-10, 1, -3.75805e-14, 4.52323e-16, -6.77334e-17, 1, 0.000895176, 0.0882281, 0.000173661 )
bone_name = "clav.R"
joint_constraints/swing_span = 10.16
joint_constraints/twist_span = 10.0
joint_constraints/bias = 0.3
joint_constraints/softness = 0.8
joint_constraints/relaxation = 1.0
__meta__ = {
"_editor_description_": ""
}

[node name="CollisionShape" type="CollisionShape" parent="Armature/Skeleton/Physical Bone clavR" index="0"]
transform = Transform( 1, -2.74792e-15, 2.29251e-10, -2.2925e-10, -1.60871e-15, 1, 4.52323e-16, -1, -6.77334e-17, 0.000115118, 0.00373925, 1.2464e-10 )
shape = SubResource( 8 )

[node name="Physical Bone arm_upperR" type="PhysicalBone" parent="Armature/Skeleton" index="9"]
transform = Transform( -0.518251, 0.0596021, 0.853149, -0.854224, 0.0122538, -0.519761, -0.041433, -0.998147, 0.0445631, 0.212735, 0.37511, 0.00789404 )
collision_layer = 2
joint_type = 2
joint_offset = Transform( 1, 0, 0, 0, 1, 0, 0, 0, 1, -0.00854231, 0.00561782, -0.0592546 )
body_offset = Transform( 0.976314, -0.049926, -0.210518, 0.212353, 0.0347852, 0.976574, -0.0414334, -0.998147, 0.0445633, -0.00385371, 0.0594851, 0.00789405 )
bone_name = "arm_upper.R"
joint_constraints/swing_span = 14.03
joint_constraints/twist_span = 10.0
joint_constraints/bias = 0.3
joint_constraints/softness = 0.8
joint_constraints/relaxation = 1.0
__meta__ = {
"_editor_description_": ""
}

[node name="CollisionShape" type="CollisionShape" parent="Armature/Skeleton/Physical Bone arm_upperR" index="0"]
transform = Transform( 0.985402, -1.39428e-09, -0.170244, -0.00744969, -0.999042, -0.0431201, -0.170081, 0.0437589, -0.984458, 0.0215552, 0.00706948, 0.0854378 )
shape = SubResource( 9 )
__meta__ = {
"_editor_description_": ""
}

[node name="Physical Bone arm_lowerR" type="PhysicalBone" parent="Armature/Skeleton" index="10"]
transform = Transform( -0.0656331, 0.688753, 0.722019, -0.0838649, -0.724826, 0.683808, 0.994313, -0.0156715, 0.105335, 0.421995, 0.146831, 0.00370857 )
collision_layer = 2
joint_type = 3
joint_offset = Transform( 1, 0, 0, 0, 1, 0, 0, 0, 1, -0.00667548, -0.111221, 0.0112584 )
body_offset = Transform( 0.104891, -0.0269189, -0.99412, 0.0184148, 0.999515, -0.025122, 0.994313, -0.0156714, 0.105336, 0.00889848, 0.111573, 0.00370861 )
bone_name = "arm_lower.R"
joint_constraints/angular_limit_enabled = true
joint_constraints/angular_limit_upper = 160.0
joint_constraints/angular_limit_lower = -160.0
joint_constraints/angular_limit_bias = 0.18
joint_constraints/angular_limit_softness = 0.9
joint_constraints/angular_limit_relaxation = 1.0
__meta__ = {
"_editor_description_": ""
}

[node name="CollisionShape" type="CollisionShape" parent="Armature/Skeleton/Physical Bone arm_lowerR" index="0"]
transform = Transform( 0.990459, 0.137808, 1.02301e-08, 1.42153e-09, -5.59233e-08, 1, 0.137808, -0.990459, -5.65916e-08, -0.00590664, 0.00941284, 0.0153052 )
shape = SubResource( 10 )
__meta__ = {
"_editor_description_": ""
}

[node name="Physical Bone handR" type="PhysicalBone" parent="Armature/Skeleton" index="11"]
transform = Transform( -0.767364, 0.641211, 5.70256e-07, -0.641211, -0.767364, 3.61865e-07, 6.69625e-07, -8.79719e-08, 1, 0.520617, 0.0488342, -0.000808045 )
collision_layer = 2
joint_type = 2
joint_offset = Transform( 1, 0, 0, 0, 1, 0, 0, 0, 1, 2.28129e-07, -0.0317411, 0.000807986 )
body_offset = Transform( 1, -2.3803e-08, 2.17773e-14, 2.38029e-08, 1, -1.73405e-14, -4.95766e-15, 1.47871e-13, 1, -2.28885e-07, 0.0317411, -0.000807986 )
bone_name = "hand.R"
joint_constraints/swing_span = 20.0
joint_constraints/twist_span = 5.0
joint_constraints/bias = 0.3
joint_constraints/softness = 0.5
joint_constraints/relaxation = 1.0

[node name="CollisionShape" type="CollisionShape" parent="Armature/Skeleton/Physical Bone handR" index="0"]
transform = Transform( 1, 0, 0, 0, 0, 1, 0, -1, 0, 0, 0, 0 )
shape = SubResource( 11 )

[node name="Physical Bone clavL" type="PhysicalBone" parent="Armature/Skeleton" index="12"]
transform = Transform( -0.246154, -0.969231, -2.67508e-08, 0.969231, -0.246154, -2.90273e-08, 2.15494e-08, -3.30729e-08, 1, -0.052445, 0.441079, 0.000173658 )
collision_layer = 2
joint_type = 2
joint_offset = Transform( 1, 0, 0, 0, 1, 0, 0, 0, 1, 0.00123504, -0.0544236, -0.00017366 )
body_offset = Transform( 1, -2.29251e-10, -6.95652e-15, 2.2925e-10, 1, -2.85074e-14, -4.52323e-16, -6.77334e-17, 1, -0.00123504, 0.0544236, 0.00017366 )
bone_name = "clav.L"
joint_constraints/swing_span = 10.16
joint_constraints/twist_span = 10.0
joint_constraints/bias = 0.3
joint_constraints/softness = 0.8
joint_constraints/relaxation = 1.0

[node name="CollisionShape" type="CollisionShape" parent="Armature/Skeleton/Physical Bone clavL" index="0"]
transform = Transform( 1, 2.55662e-15, -2.29251e-10, 2.2925e-10, 7.51903e-15, 1, -4.52323e-16, -1, -6.77334e-17, 5.80679e-09, 0.0601042, -0.00636814 )
shape = SubResource( 12 )

[node name="Physical Bone arm_upperL" type="PhysicalBone" parent="Armature/Skeleton" index="13"]
transform = Transform( -0.826241, 0.00915151, -0.563242, 0.56179, -0.0601573, -0.825089, -0.0414338, -0.998147, 0.0445633, -0.207049, 0.374949, 0.00757037 )
collision_layer = 2
joint_type = 2
joint_offset = Transform( 1, 0, 0, 0, 1, 0, 0, 0, 1, -0.0112921, 0.00561782, -0.0545481 )
body_offset = Transform( 0.976314, -0.049926, -0.210518, 0.212353, 0.0347852, 0.976574, -0.0414334, -0.998147, 0.0445633, -0.000178222, 0.0554728, 0.00757038 )
bone_name = "arm_upper.L"
joint_constraints/swing_span = 14.03
joint_constraints/twist_span = 10.0
joint_constraints/bias = 0.3
joint_constraints/softness = 0.8
joint_constraints/relaxation = 1.0

[node name="CollisionShape" type="CollisionShape" parent="Armature/Skeleton/Physical Bone arm_upperL" index="0"]
transform = Transform( 0.985402, -1.39428e-09, -0.170244, -0.00744969, -0.999042, -0.0431201, -0.170081, 0.0437589, -0.984458, 0.0215552, 0.00706948, 0.0854378 )
shape = SubResource( 9 )

[node name="Physical Bone arm_lowerL" type="PhysicalBone" parent="Armature/Skeleton" index="14"]
transform = Transform( -0.266495, -0.598327, 0.755636, -0.156533, -0.746711, -0.646467, 0.95104, -0.290562, 0.105337, -0.428197, 0.167276, 0.00571082 )
collision_layer = 2
joint_type = 3
joint_offset = Transform( 1, 0, 0, 0, 1, 0, 0, 0, 1, -0.0359271, -0.0938571, 0.0112584 )
body_offset = Transform( 0.093326, -0.0549283, -0.99412, 0.294639, 0.955278, -0.0251221, 0.95104, -0.290562, 0.105336, 0.00938976, 0.100528, 0.00571087 )
bone_name = "arm_lower.L"
joint_constraints/angular_limit_enabled = true
joint_constraints/angular_limit_upper = 160.0
joint_constraints/angular_limit_lower = -2.0
joint_constraints/angular_limit_bias = 0.18
joint_constraints/angular_limit_softness = 0.9
joint_constraints/angular_limit_relaxation = 1.0

[node name="CollisionShape" type="CollisionShape" parent="Armature/Skeleton/Physical Bone arm_lowerL" index="0"]
transform = Transform( 0.955505, 4.40358e-08, 0.294974, -0.294974, -1.03806e-08, 0.955505, -2.21437e-08, -1, -1.25439e-08, -0.00941086, 0.000723843, 5.9251e-08 )
shape = SubResource( 10 )

[node name="Physical Bone handL" type="PhysicalBone" parent="Armature/Skeleton" index="15"]
transform = Transform( -0.767364, -0.641211, -5.70256e-07, 0.641211, -0.767364, 3.61865e-07, -6.69625e-07, -8.79719e-08, 1, -0.520616, 0.048834, -0.000808045 )
collision_layer = 2
joint_type = 2
joint_offset = Transform( 1, 0, 0, 0, 1, 0, 0, 0, 1, 8.14259e-08, -0.0317411, 0.000807986 )
body_offset = Transform( 1, 2.3803e-08, -3.55297e-15, -2.38029e-08, 1, -3.91503e-14, 4.95766e-15, 1.83398e-13, 1, -8.06704e-08, 0.0317411, -0.000807986 )
bone_name = "hand.L"
joint_constraints/swing_span = 20.0
joint_constraints/twist_span = 5.0
joint_constraints/bias = 0.3
joint_constraints/softness = 0.5
joint_constraints/relaxation = 1.0
__meta__ = {
"_editor_description_": ""
}

[node name="CollisionShape" type="CollisionShape" parent="Armature/Skeleton/Physical Bone handL" index="0"]
transform = Transform( 1, 0, 0, 0, 0, 1, 0, -1, 0, 0, 0, 0 )
shape = SubResource( 11 )
__meta__ = {
"_editor_description_": ""
}

[node name="Physical Bone legstumpL" type="PhysicalBone" parent="Armature/Skeleton" index="16"]
transform = Transform( -0.999035, 0.0333358, -0.0294226, -0.0210291, 0.22887, 0.97323, 0.0391764, 0.972886, -0.227943, -0.103432, -0.0805017, 0.00134752 )
collision_layer = 2
joint_type = 2
joint_offset = Transform( 1, 0, 0, 0, 1, 0, 0, 0, 1, 0.00309615, 0.0151856, 0.0712578 )
body_offset = Transform( 0.998012, -0.0493672, -0.0391768, -0.0493675, -0.225955, -0.972886, 0.0391764, 0.972886, -0.227943, 0.000451332, 0.0729098, 0.00134754 )
bone_name = "legstump.L"
joint_constraints/swing_span = 33.39
joint_constraints/twist_span = 5.0
joint_constraints/bias = 0.3
joint_constraints/softness = 0.8
joint_constraints/relaxation = 1.0

[node name="CollisionShape" type="CollisionShape" parent="Armature/Skeleton/Physical Bone legstumpL" index="0"]
transform = Transform( 0.999631, 0.00684561, -0.0262769, 0.000201888, 0.9658, 0.259288, 0.0271532, -0.259198, 0.965442, 0.000614529, -0.00565828, 0.0112994 )
shape = SubResource( 2 )
__meta__ = {
"_editor_description_": ""
}

[node name="PinJoint" type="PinJoint" parent="." index="2"]
transform = Transform( 1, 0, 0, 0, 1, 0, 0, 0, 1, 0.514778, 0.047845, 0 )
nodes/node_a = NodePath("../Armature/Skeleton/Physical Bone handR")
nodes/node_b = NodePath("../StaticBody")
params/bias = 0.99
params/impulse_clamp = 41.46

[node name="StaticBody" type="StaticBody" parent="." index="3"]
transform = Transform( 1, 0, 0, 0, 1, 0, 0, 0, 1, 0.58706, -0.0385777, 0 )

[node name="CollisionShape" type="CollisionShape" parent="StaticBody" index="0"]
transform = Transform( 1, 0, 0, 0, 1, 0, 0, 0, 1, 0, -0.197316, 0 )
shape = SubResource( 13 )
